1.301052154793295168e-01 2.071871767975672074e-01
2.926278004736671545e-01 -3.446164388786351895e-01
-1.575424199218633747e+00 9.895943375610920523e-01
-3.003601535502536946e-01 -2.264602608727331656e+00
1.172404732016316231e+00 -1.112294198411279744e+00
3.168649277410501841e-01 2.393867768413418529e-02
-1.339996531444625161e+00 -1.842769082151741178e-01
1.999088022276513943e-01 3.286299898873434877e-01
2.582271992536645522e-01 -2.724151409039130556e-01
-3.436473883802494411e-01 -4.414902030237506936e-01
