-3.886973857879638672e+00 -9.205149650573730469e+00
-2.361508369445800781e+00 8.090944290161132812e+00
8.424894332885742188e+00 -3.481588363647460938e-01
5.327247619628906250e+00 5.718374252319335938e+00
-1.100201606750488281e+00 2.841973304748535156e+00
-8.175737380981445312e+00 4.683399200439453125e-02
9.845718383789062500e+00 2.619868278503417969e+00
-2.641828060150146484e+00 -7.049024105072021484e+00
-3.464939594268798828e+00 8.409002304077148438e+00
9.610870361328125000e+00 8.238866806030273438e+00
