-3.005588955557350617e-01 -5.703958060411565834e-01
2.668694410325022637e-01 -9.994305612544696071e-02
7.229038187539864324e-02 -1.260798359798484258e-01
1.743735547879572134e-01 2.120747278578788420e-01
5.630004342179224103e-02 -5.710517006361987696e-02
8.542205207282475843e-02 6.249939523230590294e-02
-8.645673569399952019e-01 -1.926474751459787693e-01
-4.292758705672853475e-02 -5.334360952047151327e-02
6.291201523925411543e-01 -2.677008617313714200e-01
9.849191272635109129e-02 -1.178558682420539558e-02
