1.835924148559570312e+00 3.484187126159667969e+00
-5.547535419464111328e+00 2.077561378479003906e+00
-4.125996589660644531e+00 7.196046829223632812e+00
-3.832927703857421875e+00 -4.661642074584960938e+00
-7.839985847473144531e+00 7.952102661132812500e+00
-7.844518661499023438e+00 -5.739474296569824219e+00
3.279569625854492188e+00 7.307710647583007812e-01
7.576587677001953125e+00 9.414983749389648438e+00
-3.519071578979492188e+00 1.497422218322753906e+00
-9.969397544860839844e+00 1.192942619323730469e+00
